64
0.0 0.0 0 1 0deg
0.0 11.5 0 1 0deg
0.0 23.0 0 1 90deg
0.0 34.5 0 1 90deg
0.0 46.0 0 1 0deg
0.0 57.49999999999999 0 1 0deg
0.0 69.0 0 1 90deg
0.0 80.5 0 1 90deg
11.5 0.0 0 1 0deg
11.5 11.5 0 1 90deg
11.5 23.0 0 1 90deg
11.5 34.5 0 1 0deg
11.5 46.0 0 1 90deg
11.5 57.49999999999999 0 1 0deg
11.5 69.0 0 1 0deg
11.5 80.5 0 1 90deg
23.0 0.0 0 1 0deg
23.0 11.5 0 1 0deg
23.0 23.0 0 1 90deg
23.0 34.5 0 1 0deg
23.0 46.0 0 1 90deg
23.0 57.49999999999999 0 1 90deg
23.0 69.0 0 1 90deg
23.0 80.5 0 1 0deg
34.5 0.0 0 1 0deg
34.5 11.5 0 1 0deg
34.5 23.0 0 1 0deg
34.5 34.5 0 1 0deg
34.5 46.0 0 1 90deg
34.5 57.49999999999999 0 1 90deg
34.5 69.0 0 1 90deg
34.5 80.5 0 1 0deg
46.0 0.0 0 1 90deg
46.0 11.5 0 1 90deg
46.0 23.0 0 1 0deg
46.0 34.5 0 1 0deg
46.0 46.0 0 1 90deg
46.0 57.49999999999999 0 1 90deg
46.0 69.0 0 1 0deg
46.0 80.5 0 1 90deg
57.49999999999999 0.0 0 1 90deg
57.49999999999999 11.5 0 1 90deg
57.49999999999999 23.0 0 1 0deg
57.49999999999999 34.5 0 1 0deg
57.49999999999999 46.0 0 1 0deg
57.49999999999999 57.49999999999999 0 1 0deg
57.49999999999999 69.0 0 1 90deg
57.49999999999999 80.5 0 1 90deg
69.0 0.0 0 1 90deg
69.0 11.5 0 1 0deg
69.0 23.0 0 1 90deg
69.0 34.5 0 1 0deg
69.0 46.0 0 1 0deg
69.0 57.49999999999999 0 1 0deg
69.0 69.0 0 1 0deg
69.0 80.5 0 1 90deg
80.5 0.0 0 1 90deg
80.5 11.5 0 1 0deg
80.5 23.0 0 1 90deg
80.5 34.5 0 1 0deg
80.5 46.0 0 1 90deg
80.5 57.49999999999999 0 1 0deg
80.5 69.0 0 1 90deg
80.5 80.5 0 1 90deg
