64
0.0 0.0 0 1 0deg
0.0 12.0 0 1 0deg
0.0 24.0 0 1 0deg
0.0 36.00000000000001 0 1 90deg
0.0 48.0 0 1 0deg
0.0 60.0 0 1 90deg
0.0 72.00000000000001 0 1 90deg
0.0 84.0 0 1 0deg
12.0 0.0 0 1 0deg
12.0 12.0 0 1 0deg
12.0 24.0 0 1 270deg
12.0 36.00000000000001 0 1 270deg
12.0 48.0 0 1 270deg
12.0 60.0 0 1 0deg
12.0 72.00000000000001 0 1 270deg
12.0 84.0 0 1 270deg
24.0 0.0 0 1 180deg
24.0 12.0 0 1 270deg
24.0 24.0 0 1 270deg
24.0 36.00000000000001 0 1 180deg
24.0 48.0 0 1 180deg
24.0 60.0 0 1 270deg
24.0 72.00000000000001 0 1 270deg
24.0 84.0 0 1 180deg
36.00000000000001 0.0 0 1 180deg
36.00000000000001 12.0 0 1 180deg
36.00000000000001 24.0 0 1 180deg
36.00000000000001 36.00000000000001 0 1 180deg
36.00000000000001 48.0 0 1 180deg
36.00000000000001 60.0 0 1 90deg
36.00000000000001 72.00000000000001 0 1 180deg
36.00000000000001 84.0 0 1 90deg
48.0 0.0 0 1 180deg
48.0 12.0 0 1 90deg
48.0 24.0 0 1 90deg
48.0 36.00000000000001 0 1 90deg
48.0 48.0 0 1 180deg
48.0 60.0 0 1 90deg
48.0 72.00000000000001 0 1 180deg
48.0 84.0 0 1 180deg
60.0 0.0 0 1 90deg
60.0 12.0 0 1 90deg
60.0 24.0 0 1 0deg
60.0 36.00000000000001 0 1 0deg
60.0 48.0 0 1 90deg
60.0 60.0 0 1 0deg
60.0 72.00000000000001 0 1 0deg
60.0 84.0 0 1 0deg
72.00000000000001 0.0 0 1 0deg
72.00000000000001 12.0 0 1 270deg
72.00000000000001 24.0 0 1 0deg
72.00000000000001 36.00000000000001 0 1 0deg
72.00000000000001 48.0 0 1 270deg
72.00000000000001 60.0 0 1 270deg
72.00000000000001 72.00000000000001 0 1 0deg
72.00000000000001 84.0 0 1 270deg
84.0 0.0 0 1 270deg
84.0 12.0 0 1 270deg
84.0 24.0 0 1 270deg
84.0 36.00000000000001 0 1 0deg
84.0 48.0 0 1 270deg
84.0 60.0 0 1 0deg
84.0 72.00000000000001 0 1 0deg
84.0 84.0 0 1 270deg
